{
 "cells": [
  {
   "cell_type": "code",
   "execution_count": 1,
   "metadata": {},
   "outputs": [],
   "source": [
    "import pandas as pd\n",
    "import numpy as np\n",
    "import matplotlib as plt\n",
    "import seaborn as sns"
   ]
  },
  {
   "cell_type": "code",
   "execution_count": 12,
   "metadata": {},
   "outputs": [
    {
     "ename": "FileNotFoundError",
     "evalue": "[Errno 2] File b'query(1).csv' does not exist: b'query(1).csv'",
     "output_type": "error",
     "traceback": [
      "\u001b[0;31m---------------------------------------------------------------------------\u001b[0m",
      "\u001b[0;31mFileNotFoundError\u001b[0m                         Traceback (most recent call last)",
      "\u001b[0;32m<ipython-input-12-13c900dbedaa>\u001b[0m in \u001b[0;36m<module>\u001b[0;34m\u001b[0m\n\u001b[1;32m      1\u001b[0m \u001b[0mdata\u001b[0m \u001b[0;34m=\u001b[0m \u001b[0mpd\u001b[0m\u001b[0;34m.\u001b[0m\u001b[0mread_csv\u001b[0m\u001b[0;34m(\u001b[0m\u001b[0;34m'query.csv'\u001b[0m\u001b[0;34m)\u001b[0m\u001b[0;34m\u001b[0m\u001b[0;34m\u001b[0m\u001b[0m\n\u001b[0;32m----> 2\u001b[0;31m \u001b[0mdata1\u001b[0m \u001b[0;34m=\u001b[0m \u001b[0mpd\u001b[0m\u001b[0;34m.\u001b[0m\u001b[0mread_csv\u001b[0m\u001b[0;34m(\u001b[0m\u001b[0;34m'query(1).csv'\u001b[0m\u001b[0;34m)\u001b[0m\u001b[0;34m\u001b[0m\u001b[0;34m\u001b[0m\u001b[0m\n\u001b[0m\u001b[1;32m      3\u001b[0m \u001b[0mdata2\u001b[0m \u001b[0;34m=\u001b[0m \u001b[0mpd\u001b[0m\u001b[0;34m.\u001b[0m\u001b[0mread_csv\u001b[0m\u001b[0;34m(\u001b[0m\u001b[0;34m'query(2).csv'\u001b[0m\u001b[0;34m)\u001b[0m\u001b[0;34m\u001b[0m\u001b[0;34m\u001b[0m\u001b[0m\n\u001b[1;32m      4\u001b[0m \u001b[0mall_data\u001b[0m \u001b[0;34m=\u001b[0m \u001b[0mpd\u001b[0m\u001b[0;34m.\u001b[0m\u001b[0mconcat\u001b[0m\u001b[0;34m(\u001b[0m\u001b[0;34m[\u001b[0m\u001b[0mdata\u001b[0m\u001b[0;34m,\u001b[0m\u001b[0mdata1\u001b[0m\u001b[0;34m,\u001b[0m\u001b[0mdata2\u001b[0m\u001b[0;34m]\u001b[0m\u001b[0;34m)\u001b[0m\u001b[0;34m\u001b[0m\u001b[0;34m\u001b[0m\u001b[0m\n\u001b[1;32m      5\u001b[0m \u001b[0mdf\u001b[0m \u001b[0;34m=\u001b[0m \u001b[0mpd\u001b[0m\u001b[0;34m.\u001b[0m\u001b[0mDataFrame\u001b[0m\u001b[0;34m(\u001b[0m\u001b[0mall_data\u001b[0m\u001b[0;34m)\u001b[0m\u001b[0;34m\u001b[0m\u001b[0;34m\u001b[0m\u001b[0m\n",
      "\u001b[0;32m//anaconda3/lib/python3.7/site-packages/pandas/io/parsers.py\u001b[0m in \u001b[0;36mparser_f\u001b[0;34m(filepath_or_buffer, sep, delimiter, header, names, index_col, usecols, squeeze, prefix, mangle_dupe_cols, dtype, engine, converters, true_values, false_values, skipinitialspace, skiprows, skipfooter, nrows, na_values, keep_default_na, na_filter, verbose, skip_blank_lines, parse_dates, infer_datetime_format, keep_date_col, date_parser, dayfirst, iterator, chunksize, compression, thousands, decimal, lineterminator, quotechar, quoting, doublequote, escapechar, comment, encoding, dialect, tupleize_cols, error_bad_lines, warn_bad_lines, delim_whitespace, low_memory, memory_map, float_precision)\u001b[0m\n\u001b[1;32m    700\u001b[0m                     skip_blank_lines=skip_blank_lines)\n\u001b[1;32m    701\u001b[0m \u001b[0;34m\u001b[0m\u001b[0m\n\u001b[0;32m--> 702\u001b[0;31m         \u001b[0;32mreturn\u001b[0m \u001b[0m_read\u001b[0m\u001b[0;34m(\u001b[0m\u001b[0mfilepath_or_buffer\u001b[0m\u001b[0;34m,\u001b[0m \u001b[0mkwds\u001b[0m\u001b[0;34m)\u001b[0m\u001b[0;34m\u001b[0m\u001b[0;34m\u001b[0m\u001b[0m\n\u001b[0m\u001b[1;32m    703\u001b[0m \u001b[0;34m\u001b[0m\u001b[0m\n\u001b[1;32m    704\u001b[0m     \u001b[0mparser_f\u001b[0m\u001b[0;34m.\u001b[0m\u001b[0m__name__\u001b[0m \u001b[0;34m=\u001b[0m \u001b[0mname\u001b[0m\u001b[0;34m\u001b[0m\u001b[0;34m\u001b[0m\u001b[0m\n",
      "\u001b[0;32m//anaconda3/lib/python3.7/site-packages/pandas/io/parsers.py\u001b[0m in \u001b[0;36m_read\u001b[0;34m(filepath_or_buffer, kwds)\u001b[0m\n\u001b[1;32m    427\u001b[0m \u001b[0;34m\u001b[0m\u001b[0m\n\u001b[1;32m    428\u001b[0m     \u001b[0;31m# Create the parser.\u001b[0m\u001b[0;34m\u001b[0m\u001b[0;34m\u001b[0m\u001b[0;34m\u001b[0m\u001b[0m\n\u001b[0;32m--> 429\u001b[0;31m     \u001b[0mparser\u001b[0m \u001b[0;34m=\u001b[0m \u001b[0mTextFileReader\u001b[0m\u001b[0;34m(\u001b[0m\u001b[0mfilepath_or_buffer\u001b[0m\u001b[0;34m,\u001b[0m \u001b[0;34m**\u001b[0m\u001b[0mkwds\u001b[0m\u001b[0;34m)\u001b[0m\u001b[0;34m\u001b[0m\u001b[0;34m\u001b[0m\u001b[0m\n\u001b[0m\u001b[1;32m    430\u001b[0m \u001b[0;34m\u001b[0m\u001b[0m\n\u001b[1;32m    431\u001b[0m     \u001b[0;32mif\u001b[0m \u001b[0mchunksize\u001b[0m \u001b[0;32mor\u001b[0m \u001b[0miterator\u001b[0m\u001b[0;34m:\u001b[0m\u001b[0;34m\u001b[0m\u001b[0;34m\u001b[0m\u001b[0m\n",
      "\u001b[0;32m//anaconda3/lib/python3.7/site-packages/pandas/io/parsers.py\u001b[0m in \u001b[0;36m__init__\u001b[0;34m(self, f, engine, **kwds)\u001b[0m\n\u001b[1;32m    893\u001b[0m             \u001b[0mself\u001b[0m\u001b[0;34m.\u001b[0m\u001b[0moptions\u001b[0m\u001b[0;34m[\u001b[0m\u001b[0;34m'has_index_names'\u001b[0m\u001b[0;34m]\u001b[0m \u001b[0;34m=\u001b[0m \u001b[0mkwds\u001b[0m\u001b[0;34m[\u001b[0m\u001b[0;34m'has_index_names'\u001b[0m\u001b[0;34m]\u001b[0m\u001b[0;34m\u001b[0m\u001b[0;34m\u001b[0m\u001b[0m\n\u001b[1;32m    894\u001b[0m \u001b[0;34m\u001b[0m\u001b[0m\n\u001b[0;32m--> 895\u001b[0;31m         \u001b[0mself\u001b[0m\u001b[0;34m.\u001b[0m\u001b[0m_make_engine\u001b[0m\u001b[0;34m(\u001b[0m\u001b[0mself\u001b[0m\u001b[0;34m.\u001b[0m\u001b[0mengine\u001b[0m\u001b[0;34m)\u001b[0m\u001b[0;34m\u001b[0m\u001b[0;34m\u001b[0m\u001b[0m\n\u001b[0m\u001b[1;32m    896\u001b[0m \u001b[0;34m\u001b[0m\u001b[0m\n\u001b[1;32m    897\u001b[0m     \u001b[0;32mdef\u001b[0m \u001b[0mclose\u001b[0m\u001b[0;34m(\u001b[0m\u001b[0mself\u001b[0m\u001b[0;34m)\u001b[0m\u001b[0;34m:\u001b[0m\u001b[0;34m\u001b[0m\u001b[0;34m\u001b[0m\u001b[0m\n",
      "\u001b[0;32m//anaconda3/lib/python3.7/site-packages/pandas/io/parsers.py\u001b[0m in \u001b[0;36m_make_engine\u001b[0;34m(self, engine)\u001b[0m\n\u001b[1;32m   1120\u001b[0m     \u001b[0;32mdef\u001b[0m \u001b[0m_make_engine\u001b[0m\u001b[0;34m(\u001b[0m\u001b[0mself\u001b[0m\u001b[0;34m,\u001b[0m \u001b[0mengine\u001b[0m\u001b[0;34m=\u001b[0m\u001b[0;34m'c'\u001b[0m\u001b[0;34m)\u001b[0m\u001b[0;34m:\u001b[0m\u001b[0;34m\u001b[0m\u001b[0;34m\u001b[0m\u001b[0m\n\u001b[1;32m   1121\u001b[0m         \u001b[0;32mif\u001b[0m \u001b[0mengine\u001b[0m \u001b[0;34m==\u001b[0m \u001b[0;34m'c'\u001b[0m\u001b[0;34m:\u001b[0m\u001b[0;34m\u001b[0m\u001b[0;34m\u001b[0m\u001b[0m\n\u001b[0;32m-> 1122\u001b[0;31m             \u001b[0mself\u001b[0m\u001b[0;34m.\u001b[0m\u001b[0m_engine\u001b[0m \u001b[0;34m=\u001b[0m \u001b[0mCParserWrapper\u001b[0m\u001b[0;34m(\u001b[0m\u001b[0mself\u001b[0m\u001b[0;34m.\u001b[0m\u001b[0mf\u001b[0m\u001b[0;34m,\u001b[0m \u001b[0;34m**\u001b[0m\u001b[0mself\u001b[0m\u001b[0;34m.\u001b[0m\u001b[0moptions\u001b[0m\u001b[0;34m)\u001b[0m\u001b[0;34m\u001b[0m\u001b[0;34m\u001b[0m\u001b[0m\n\u001b[0m\u001b[1;32m   1123\u001b[0m         \u001b[0;32melse\u001b[0m\u001b[0;34m:\u001b[0m\u001b[0;34m\u001b[0m\u001b[0;34m\u001b[0m\u001b[0m\n\u001b[1;32m   1124\u001b[0m             \u001b[0;32mif\u001b[0m \u001b[0mengine\u001b[0m \u001b[0;34m==\u001b[0m \u001b[0;34m'python'\u001b[0m\u001b[0;34m:\u001b[0m\u001b[0;34m\u001b[0m\u001b[0;34m\u001b[0m\u001b[0m\n",
      "\u001b[0;32m//anaconda3/lib/python3.7/site-packages/pandas/io/parsers.py\u001b[0m in \u001b[0;36m__init__\u001b[0;34m(self, src, **kwds)\u001b[0m\n\u001b[1;32m   1851\u001b[0m         \u001b[0mkwds\u001b[0m\u001b[0;34m[\u001b[0m\u001b[0;34m'usecols'\u001b[0m\u001b[0;34m]\u001b[0m \u001b[0;34m=\u001b[0m \u001b[0mself\u001b[0m\u001b[0;34m.\u001b[0m\u001b[0musecols\u001b[0m\u001b[0;34m\u001b[0m\u001b[0;34m\u001b[0m\u001b[0m\n\u001b[1;32m   1852\u001b[0m \u001b[0;34m\u001b[0m\u001b[0m\n\u001b[0;32m-> 1853\u001b[0;31m         \u001b[0mself\u001b[0m\u001b[0;34m.\u001b[0m\u001b[0m_reader\u001b[0m \u001b[0;34m=\u001b[0m \u001b[0mparsers\u001b[0m\u001b[0;34m.\u001b[0m\u001b[0mTextReader\u001b[0m\u001b[0;34m(\u001b[0m\u001b[0msrc\u001b[0m\u001b[0;34m,\u001b[0m \u001b[0;34m**\u001b[0m\u001b[0mkwds\u001b[0m\u001b[0;34m)\u001b[0m\u001b[0;34m\u001b[0m\u001b[0;34m\u001b[0m\u001b[0m\n\u001b[0m\u001b[1;32m   1854\u001b[0m         \u001b[0mself\u001b[0m\u001b[0;34m.\u001b[0m\u001b[0munnamed_cols\u001b[0m \u001b[0;34m=\u001b[0m \u001b[0mself\u001b[0m\u001b[0;34m.\u001b[0m\u001b[0m_reader\u001b[0m\u001b[0;34m.\u001b[0m\u001b[0munnamed_cols\u001b[0m\u001b[0;34m\u001b[0m\u001b[0;34m\u001b[0m\u001b[0m\n\u001b[1;32m   1855\u001b[0m \u001b[0;34m\u001b[0m\u001b[0m\n",
      "\u001b[0;32mpandas/_libs/parsers.pyx\u001b[0m in \u001b[0;36mpandas._libs.parsers.TextReader.__cinit__\u001b[0;34m()\u001b[0m\n",
      "\u001b[0;32mpandas/_libs/parsers.pyx\u001b[0m in \u001b[0;36mpandas._libs.parsers.TextReader._setup_parser_source\u001b[0;34m()\u001b[0m\n",
      "\u001b[0;31mFileNotFoundError\u001b[0m: [Errno 2] File b'query(1).csv' does not exist: b'query(1).csv'"
     ]
    }
   ],
   "source": [
    "data = pd.read_csv('query.csv')\n",
    "data1 = pd.read_csv('query(1).csv')\n",
    "data2 = pd.read_csv('query(2).csv')\n",
    "all_data = pd.concat([data,data1,data2])\n",
    "df = pd.DataFrame(all_data)"
   ]
  },
  {
   "cell_type": "code",
   "execution_count": null,
   "metadata": {},
   "outputs": [],
   "source": []
  },
  {
   "cell_type": "code",
   "execution_count": null,
   "metadata": {},
   "outputs": [],
   "source": []
  },
  {
   "cell_type": "code",
   "execution_count": null,
   "metadata": {},
   "outputs": [],
   "source": []
  },
  {
   "cell_type": "code",
   "execution_count": 3,
   "metadata": {},
   "outputs": [],
   "source": [
    "df.drop('nst', axis=1, inplace=True)"
   ]
  },
  {
   "cell_type": "code",
   "execution_count": 4,
   "metadata": {},
   "outputs": [],
   "source": [
    "df.dropna(inplace=True)"
   ]
  },
  {
   "cell_type": "code",
   "execution_count": null,
   "metadata": {},
   "outputs": [],
   "source": [
    "df.info()"
   ]
  },
  {
   "cell_type": "code",
   "execution_count": null,
   "metadata": {},
   "outputs": [],
   "source": [
    "df.head()"
   ]
  },
  {
   "cell_type": "code",
   "execution_count": 5,
   "metadata": {},
   "outputs": [],
   "source": [
    "int_cols = df[['latitude','longitude','depth','mag','gap','dmin','rms','horizontalError','depthError','magError','magNst']]"
   ]
  },
  {
   "cell_type": "code",
   "execution_count": null,
   "metadata": {},
   "outputs": [],
   "source": [
    "sns.heatmap(int_cols, annot=True)"
   ]
  },
  {
   "cell_type": "code",
   "execution_count": null,
   "metadata": {},
   "outputs": [],
   "source": [
    "sns.heatmap(int_cols, annot=True, annot_kws={\"size\": 7})\n",
    "sns.plt.show()"
   ]
  },
  {
   "cell_type": "code",
   "execution_count": 6,
   "metadata": {},
   "outputs": [
    {
     "data": {
      "text/html": [
       "<div>\n",
       "<style scoped>\n",
       "    .dataframe tbody tr th:only-of-type {\n",
       "        vertical-align: middle;\n",
       "    }\n",
       "\n",
       "    .dataframe tbody tr th {\n",
       "        vertical-align: top;\n",
       "    }\n",
       "\n",
       "    .dataframe thead th {\n",
       "        text-align: right;\n",
       "    }\n",
       "</style>\n",
       "<table border=\"1\" class=\"dataframe\">\n",
       "  <thead>\n",
       "    <tr style=\"text-align: right;\">\n",
       "      <th></th>\n",
       "      <th>latitude</th>\n",
       "      <th>longitude</th>\n",
       "      <th>depth</th>\n",
       "      <th>mag</th>\n",
       "      <th>gap</th>\n",
       "      <th>dmin</th>\n",
       "      <th>rms</th>\n",
       "      <th>horizontalError</th>\n",
       "      <th>depthError</th>\n",
       "      <th>magError</th>\n",
       "      <th>magNst</th>\n",
       "    </tr>\n",
       "  </thead>\n",
       "  <tbody>\n",
       "    <tr>\n",
       "      <th>latitude</th>\n",
       "      <td>1.000000</td>\n",
       "      <td>-0.161704</td>\n",
       "      <td>-0.314556</td>\n",
       "      <td>-0.535410</td>\n",
       "      <td>0.108483</td>\n",
       "      <td>-0.394446</td>\n",
       "      <td>-0.215740</td>\n",
       "      <td>-0.470197</td>\n",
       "      <td>-0.056488</td>\n",
       "      <td>0.004970</td>\n",
       "      <td>0.078834</td>\n",
       "    </tr>\n",
       "    <tr>\n",
       "      <th>longitude</th>\n",
       "      <td>-0.161704</td>\n",
       "      <td>1.000000</td>\n",
       "      <td>0.004035</td>\n",
       "      <td>0.512366</td>\n",
       "      <td>-0.157910</td>\n",
       "      <td>0.162222</td>\n",
       "      <td>0.256864</td>\n",
       "      <td>0.333586</td>\n",
       "      <td>0.002371</td>\n",
       "      <td>-0.120999</td>\n",
       "      <td>0.021717</td>\n",
       "    </tr>\n",
       "    <tr>\n",
       "      <th>depth</th>\n",
       "      <td>-0.314556</td>\n",
       "      <td>0.004035</td>\n",
       "      <td>1.000000</td>\n",
       "      <td>0.207130</td>\n",
       "      <td>-0.051141</td>\n",
       "      <td>0.111865</td>\n",
       "      <td>0.108935</td>\n",
       "      <td>0.438367</td>\n",
       "      <td>0.263392</td>\n",
       "      <td>-0.069337</td>\n",
       "      <td>0.048466</td>\n",
       "    </tr>\n",
       "    <tr>\n",
       "      <th>mag</th>\n",
       "      <td>-0.535410</td>\n",
       "      <td>0.512366</td>\n",
       "      <td>0.207130</td>\n",
       "      <td>1.000000</td>\n",
       "      <td>-0.370231</td>\n",
       "      <td>0.405122</td>\n",
       "      <td>0.454191</td>\n",
       "      <td>0.578130</td>\n",
       "      <td>-0.118086</td>\n",
       "      <td>-0.349293</td>\n",
       "      <td>0.215103</td>\n",
       "    </tr>\n",
       "    <tr>\n",
       "      <th>gap</th>\n",
       "      <td>0.108483</td>\n",
       "      <td>-0.157910</td>\n",
       "      <td>-0.051141</td>\n",
       "      <td>-0.370231</td>\n",
       "      <td>1.000000</td>\n",
       "      <td>-0.060779</td>\n",
       "      <td>-0.094628</td>\n",
       "      <td>0.074778</td>\n",
       "      <td>0.485454</td>\n",
       "      <td>0.303772</td>\n",
       "      <td>-0.270691</td>\n",
       "    </tr>\n",
       "    <tr>\n",
       "      <th>dmin</th>\n",
       "      <td>-0.394446</td>\n",
       "      <td>0.162222</td>\n",
       "      <td>0.111865</td>\n",
       "      <td>0.405122</td>\n",
       "      <td>-0.060779</td>\n",
       "      <td>1.000000</td>\n",
       "      <td>0.180470</td>\n",
       "      <td>0.485061</td>\n",
       "      <td>-0.052573</td>\n",
       "      <td>-0.144515</td>\n",
       "      <td>0.035959</td>\n",
       "    </tr>\n",
       "    <tr>\n",
       "      <th>rms</th>\n",
       "      <td>-0.215740</td>\n",
       "      <td>0.256864</td>\n",
       "      <td>0.108935</td>\n",
       "      <td>0.454191</td>\n",
       "      <td>-0.094628</td>\n",
       "      <td>0.180470</td>\n",
       "      <td>1.000000</td>\n",
       "      <td>0.467605</td>\n",
       "      <td>0.034228</td>\n",
       "      <td>-0.192202</td>\n",
       "      <td>0.081747</td>\n",
       "    </tr>\n",
       "    <tr>\n",
       "      <th>horizontalError</th>\n",
       "      <td>-0.470197</td>\n",
       "      <td>0.333586</td>\n",
       "      <td>0.438367</td>\n",
       "      <td>0.578130</td>\n",
       "      <td>0.074778</td>\n",
       "      <td>0.485061</td>\n",
       "      <td>0.467605</td>\n",
       "      <td>1.000000</td>\n",
       "      <td>0.183863</td>\n",
       "      <td>-0.186652</td>\n",
       "      <td>-0.008469</td>\n",
       "    </tr>\n",
       "    <tr>\n",
       "      <th>depthError</th>\n",
       "      <td>-0.056488</td>\n",
       "      <td>0.002371</td>\n",
       "      <td>0.263392</td>\n",
       "      <td>-0.118086</td>\n",
       "      <td>0.485454</td>\n",
       "      <td>-0.052573</td>\n",
       "      <td>0.034228</td>\n",
       "      <td>0.183863</td>\n",
       "      <td>1.000000</td>\n",
       "      <td>0.174901</td>\n",
       "      <td>-0.149799</td>\n",
       "    </tr>\n",
       "    <tr>\n",
       "      <th>magError</th>\n",
       "      <td>0.004970</td>\n",
       "      <td>-0.120999</td>\n",
       "      <td>-0.069337</td>\n",
       "      <td>-0.349293</td>\n",
       "      <td>0.303772</td>\n",
       "      <td>-0.144515</td>\n",
       "      <td>-0.192202</td>\n",
       "      <td>-0.186652</td>\n",
       "      <td>0.174901</td>\n",
       "      <td>1.000000</td>\n",
       "      <td>-0.318007</td>\n",
       "    </tr>\n",
       "    <tr>\n",
       "      <th>magNst</th>\n",
       "      <td>0.078834</td>\n",
       "      <td>0.021717</td>\n",
       "      <td>0.048466</td>\n",
       "      <td>0.215103</td>\n",
       "      <td>-0.270691</td>\n",
       "      <td>0.035959</td>\n",
       "      <td>0.081747</td>\n",
       "      <td>-0.008469</td>\n",
       "      <td>-0.149799</td>\n",
       "      <td>-0.318007</td>\n",
       "      <td>1.000000</td>\n",
       "    </tr>\n",
       "  </tbody>\n",
       "</table>\n",
       "</div>"
      ],
      "text/plain": [
       "                 latitude  longitude     depth       mag       gap      dmin  \\\n",
       "latitude         1.000000  -0.161704 -0.314556 -0.535410  0.108483 -0.394446   \n",
       "longitude       -0.161704   1.000000  0.004035  0.512366 -0.157910  0.162222   \n",
       "depth           -0.314556   0.004035  1.000000  0.207130 -0.051141  0.111865   \n",
       "mag             -0.535410   0.512366  0.207130  1.000000 -0.370231  0.405122   \n",
       "gap              0.108483  -0.157910 -0.051141 -0.370231  1.000000 -0.060779   \n",
       "dmin            -0.394446   0.162222  0.111865  0.405122 -0.060779  1.000000   \n",
       "rms             -0.215740   0.256864  0.108935  0.454191 -0.094628  0.180470   \n",
       "horizontalError -0.470197   0.333586  0.438367  0.578130  0.074778  0.485061   \n",
       "depthError      -0.056488   0.002371  0.263392 -0.118086  0.485454 -0.052573   \n",
       "magError         0.004970  -0.120999 -0.069337 -0.349293  0.303772 -0.144515   \n",
       "magNst           0.078834   0.021717  0.048466  0.215103 -0.270691  0.035959   \n",
       "\n",
       "                      rms  horizontalError  depthError  magError    magNst  \n",
       "latitude        -0.215740        -0.470197   -0.056488  0.004970  0.078834  \n",
       "longitude        0.256864         0.333586    0.002371 -0.120999  0.021717  \n",
       "depth            0.108935         0.438367    0.263392 -0.069337  0.048466  \n",
       "mag              0.454191         0.578130   -0.118086 -0.349293  0.215103  \n",
       "gap             -0.094628         0.074778    0.485454  0.303772 -0.270691  \n",
       "dmin             0.180470         0.485061   -0.052573 -0.144515  0.035959  \n",
       "rms              1.000000         0.467605    0.034228 -0.192202  0.081747  \n",
       "horizontalError  0.467605         1.000000    0.183863 -0.186652 -0.008469  \n",
       "depthError       0.034228         0.183863    1.000000  0.174901 -0.149799  \n",
       "magError        -0.192202        -0.186652    0.174901  1.000000 -0.318007  \n",
       "magNst           0.081747        -0.008469   -0.149799 -0.318007  1.000000  "
      ]
     },
     "execution_count": 6,
     "metadata": {},
     "output_type": "execute_result"
    }
   ],
   "source": [
    "int_cols.corr()"
   ]
  },
  {
   "cell_type": "code",
   "execution_count": 10,
   "metadata": {},
   "outputs": [
    {
     "data": {
      "text/plain": [
       "12147    8.0\n",
       "12841    7.6\n",
       "17783    7.5\n",
       "11037    7.3\n",
       "10458    7.3\n",
       "7256     7.2\n",
       "13240    7.1\n",
       "17393    7.0\n",
       "5859     6.9\n",
       "8155     6.9\n",
       "5904     6.8\n",
       "14708    6.8\n",
       "2221     6.7\n",
       "19199    6.7\n",
       "19977    6.7\n",
       "19811    6.7\n",
       "4162     6.6\n",
       "225      6.6\n",
       "11933    6.6\n",
       "4429     6.6\n",
       "7272     6.6\n",
       "5975     6.6\n",
       "2593     6.5\n",
       "93       6.5\n",
       "14867    6.5\n",
       "10781    6.4\n",
       "10841    6.4\n",
       "11647    6.4\n",
       "11163    6.4\n",
       "15125    6.4\n",
       "        ... \n",
       "702      2.5\n",
       "5403     2.5\n",
       "13008    2.5\n",
       "9506     2.5\n",
       "12113    2.5\n",
       "5261     2.5\n",
       "7709     2.5\n",
       "7710     2.5\n",
       "8677     2.5\n",
       "5186     2.5\n",
       "9612     2.5\n",
       "7733     2.5\n",
       "17014    2.5\n",
       "5127     2.5\n",
       "17067    2.5\n",
       "5061     2.5\n",
       "17086    2.5\n",
       "5004     2.5\n",
       "17100    2.5\n",
       "788      2.5\n",
       "4989     2.5\n",
       "19422    2.5\n",
       "12052    2.5\n",
       "17201    2.5\n",
       "17226    2.5\n",
       "14875    2.5\n",
       "4740     2.5\n",
       "17285    2.5\n",
       "4677     2.5\n",
       "11714    2.5\n",
       "Name: mag, Length: 17449, dtype: float64"
      ]
     },
     "execution_count": 10,
     "metadata": {},
     "output_type": "execute_result"
    }
   ],
   "source": [
    "df.mag.sort_values(ascending=False)"
   ]
  },
  {
   "cell_type": "code",
   "execution_count": null,
   "metadata": {},
   "outputs": [],
   "source": []
  }
 ],
 "metadata": {
  "kernelspec": {
   "display_name": "Python 3",
   "language": "python",
   "name": "python3"
  },
  "language_info": {
   "codemirror_mode": {
    "name": "ipython",
    "version": 3
   },
   "file_extension": ".py",
   "mimetype": "text/x-python",
   "name": "python",
   "nbconvert_exporter": "python",
   "pygments_lexer": "ipython3",
   "version": "3.7.3"
  }
 },
 "nbformat": 4,
 "nbformat_minor": 2
}
